Matriz A:
   0    6    5    0 
   0    5    4    9 
   5    7    0    1 
   4    4    2    4 
Matriz B:
   2    7    7    0 
   3    8    6    7 
   0    5    4    2 
   2    4    4    4 
Matriz D(Resultado Stressen
  18   73   56   52 
  33   96   82   79 
  33   95   81   53 
  28   86   76   48 
